State,"p_{n,n-1}","p_{n,n}","p_{n,n+1}"
n=0,0.000000e+00,0.000000e+00,1.000000e+00
n=1,0.000000e+00,0.000000e+00,1.000000e+00
n=2,0.000000e+00,0.000000e+00,1.000000e+00
n=3,0.000000e+00,0.000000e+00,1.000000e+00
n=4,0.000000e+00,0.000000e+00,1.000000e+00
n=5,0.000000e+00,0.000000e+00,1.000000e+00
n=6,2.556957e-03,9.896616e-01,7.781404e-03
n=7,3.038722e-03,9.891526e-01,7.808701e-03
n=8,3.488226e-03,9.886328e-01,7.878928e-03
n=9,3.909139e-03,9.881144e-01,7.976488e-03
n=10,4.304981e-03,9.876031e-01,8.091923e-03
n=11,4.678857e-03,9.871019e-01,8.219237e-03
n=12,5.033420e-03,9.866121e-01,8.354489e-03
n=13,5.370915e-03,9.861341e-01,8.495014e-03
n=14,5.693239e-03,9.856678e-01,8.638967e-03
n=15,6.001997e-03,9.852130e-01,8.785048e-03
n=16,6.298558e-03,9.847691e-01,8.932323e-03
n=17,6.584095e-03,9.843358e-01,9.080117e-03
n=18,6.859615e-03,9.839124e-01,9.227935e-03
n=19,7.125993e-03,9.834986e-01,9.375415e-03
n=20,7.383992e-03,9.830937e-01,9.522289e-03
n=21,7.634280e-03,9.826974e-01,9.668358e-03
n=22,7.877445e-03,9.823091e-01,9.813478e-03
n=23,8.114009e-03,9.819284e-01,9.957544e-03
n=24,8.344436e-03,9.815551e-01,1.010048e-02
n=25,8.569139e-03,9.811886e-01,1.024224e-02
n=26,8.788492e-03,9.808287e-01,1.038278e-02
n=27,9.002829e-03,9.804751e-01,1.052208e-02
n=28,9.212454e-03,9.801274e-01,1.066014e-02
n=29,9.417641e-03,9.797854e-01,1.079694e-02
n=30,9.618640e-03,9.794489e-01,1.093250e-02
n=31,9.815680e-03,9.791175e-01,1.106683e-02
n=32,1.000897e-02,9.787911e-01,1.119993e-02
n=33,1.019870e-02,9.784695e-01,1.133182e-02
n=34,1.038505e-02,9.781524e-01,1.146252e-02
n=35,1.056819e-02,9.778398e-01,1.159205e-02
n=36,1.074825e-02,9.775313e-01,1.172042e-02
n=37,1.092539e-02,9.772270e-01,1.184766e-02
n=38,1.109973e-02,9.769265e-01,1.197379e-02
n=39,1.127139e-02,9.766298e-01,1.209883e-02
n=40,1.144049e-02,9.763367e-01,1.222280e-02
n=41,1.160713e-02,9.760471e-01,1.234573e-02
n=42,1.177140e-02,9.757610e-01,1.246762e-02
n=43,1.193341e-02,9.754781e-01,1.258851e-02
n=44,1.209324e-02,9.751983e-01,1.270842e-02
n=45,1.225096e-02,9.749217e-01,1.282737e-02
n=46,1.240667e-02,9.746480e-01,1.294537e-02
n=47,1.256041e-02,9.743771e-01,1.306244e-02
n=48,1.271228e-02,9.741091e-01,1.317861e-02
n=49,1.286232e-02,9.738438e-01,1.329389e-02
n=50,1.301060e-02,9.735811e-01,1.340831e-02
n=51,1.315718e-02,9.733210e-01,1.352187e-02
n=52,1.330211e-02,9.730633e-01,1.363460e-02
n=53,1.344545e-02,9.728080e-01,1.374651e-02
n=54,1.358724e-02,9.725551e-01,1.385762e-02
n=55,1.372753e-02,9.723045e-01,1.396794e-02
n=56,1.386637e-02,9.720561e-01,1.407750e-02
n=57,1.400379e-02,9.718099e-01,1.418630e-02
n=58,1.413984e-02,9.715658e-01,1.429436e-02
n=59,1.427455e-02,9.713238e-01,1.440169e-02
n=60,1.440797e-02,9.710837e-01,1.450831e-02
n=61,1.454013e-02,9.708456e-01,1.461424e-02
n=62,1.467106e-02,9.706095e-01,1.471948e-02
n=63,1.480079e-02,9.703752e-01,1.482404e-02
n=64,1.492935e-02,9.701427e-01,1.492794e-02
n=65,1.505678e-02,9.699120e-01,1.503120e-02
n=66,1.518311e-02,9.696831e-01,1.513382e-02
n=67,1.530835e-02,9.694558e-01,1.523581e-02
n=68,1.543254e-02,9.692303e-01,1.533719e-02
n=69,1.555570e-02,9.690063e-01,1.543796e-02
n=70,1.567786e-02,9.687840e-01,1.553814e-02
n=71,1.579903e-02,9.685632e-01,1.563774e-02
n=72,1.591925e-02,9.683440e-01,1.573677e-02
n=73,1.603853e-02,9.681262e-01,1.583523e-02
n=74,1.615689e-02,9.679100e-01,1.593313e-02
n=75,1.627436e-02,9.676952e-01,1.603049e-02
n=76,1.639095e-02,9.674817e-01,1.612731e-02
n=77,1.650668e-02,9.672697e-01,1.622361e-02
n=78,1.662157e-02,9.670590e-01,1.631938e-02
n=79,1.673563e-02,9.668497e-01,1.641465e-02
n=80,1.684890e-02,9.666417e-01,1.650941e-02
n=81,1.696137e-02,9.664350e-01,1.660368e-02
n=82,1.707306e-02,9.662295e-01,1.669745e-02
n=83,1.718400e-02,9.660252e-01,1.679075e-02
n=84,1.729420e-02,9.658222e-01,1.688358e-02
n=85,1.740366e-02,9.656204e-01,1.697593e-02
n=86,1.751241e-02,9.654198e-01,1.706783e-02
n=87,1.762046e-02,9.652203e-01,1.715928e-02
n=88,1.772782e-02,9.650219e-01,1.725028e-02
n=89,1.783450e-02,9.648247e-01,1.734084e-02
n=90,1.794051e-02,9.646285e-01,1.743097e-02
n=91,1.804588e-02,9.644334e-01,1.752067e-02
n=92,1.815060e-02,9.642394e-01,1.760995e-02
n=93,1.825469e-02,9.640465e-01,1.769882e-02
n=94,1.835816e-02,9.638546e-01,1.778728e-02
n=95,1.846103e-02,9.636636e-01,1.787533e-02
n=96,1.856330e-02,9.634737e-01,1.796298e-02
n=97,1.866497e-02,9.632848e-01,1.805024e-02
n=98,1.876607e-02,9.630968e-01,1.813712e-02
n=99,1.886660e-02,9.629098e-01,1.822361e-02
n=100,1.896658e-02,9.627237e-01,1.830972e-02
n=101,1.906600e-02,9.625385e-01,1.839546e-02
n=102,1.916488e-02,9.623543e-01,1.848083e-02
n=103,1.926322e-02,9.621709e-01,1.856584e-02
n=104,1.936104e-02,9.619885e-01,1.865049e-02
n=105,1.945835e-02,9.618069e-01,1.873479e-02
n=106,1.955514e-02,9.616261e-01,1.881874e-02
n=107,1.965143e-02,9.614462e-01,1.890234e-02
n=108,1.974723e-02,9.612672e-01,1.898560e-02
n=109,1.984254e-02,9.610889e-01,1.906852e-02
n=110,1.993738e-02,9.609115e-01,1.915111e-02
n=111,2.003174e-02,9.607349e-01,1.923337e-02
n=112,2.012563e-02,9.605591e-01,1.931531e-02
n=113,2.021907e-02,9.603840e-01,1.939692e-02
n=114,2.031205e-02,9.602097e-01,1.947822e-02
n=115,2.040459e-02,9.600362e-01,1.955921e-02
n=116,2.049669e-02,9.598634e-01,1.963988e-02
n=117,2.058835e-02,9.596914e-01,1.972025e-02
n=118,2.067959e-02,9.595201e-01,1.980031e-02
n=119,2.077040e-02,9.593495e-01,1.988008e-02
n=120,2.086080e-02,9.591797e-01,1.995955e-02
n=121,2.095079e-02,9.590105e-01,2.003872e-02
n=122,2.104037e-02,9.588420e-01,2.011761e-02
n=123,2.112955e-02,9.586742e-01,2.019621e-02
n=124,2.121833e-02,9.585071e-01,2.027452e-02
n=125,2.130673e-02,9.583407e-01,2.035256e-02
n=126,2.139474e-02,9.581749e-01,2.043031e-02
n=127,2.148237e-02,9.580098e-01,2.050780e-02
n=128,2.156963e-02,9.578454e-01,2.058501e-02
n=129,2.165651e-02,9.576815e-01,2.066195e-02
n=130,2.174303e-02,9.575183e-01,2.073863e-02
n=131,2.182919e-02,9.573558e-01,2.081504e-02
n=132,2.191499e-02,9.571938e-01,2.089120e-02
n=133,2.200043e-02,9.570325e-01,2.096709e-02
n=134,2.208553e-02,9.568717e-01,2.104273e-02
n=135,2.217029e-02,9.567116e-01,2.111812e-02
n=136,2.225470e-02,9.565520e-01,2.119326e-02
n=137,2.233878e-02,9.563931e-01,2.126815e-02
n=138,2.242252e-02,9.562347e-01,2.134279e-02
n=139,2.250594e-02,9.560769e-01,2.141720e-02
n=140,2.258903e-02,9.559196e-01,2.149136e-02
n=141,2.267180e-02,9.557629e-01,2.156528e-02
n=142,2.275425e-02,9.556068e-01,2.163897e-02
n=143,2.283639e-02,9.554512e-01,2.171242e-02
n=144,2.291822e-02,9.552961e-01,2.178565e-02
n=145,2.299974e-02,9.551416e-01,2.185864e-02
n=146,2.308096e-02,9.549876e-01,2.193141e-02
n=147,2.316187e-02,9.548342e-01,2.200395e-02
n=148,2.324249e-02,9.546812e-01,2.207627e-02
n=149,2.332282e-02,9.545288e-01,2.214837e-02
n=150,2.340285e-02,9.543769e-01,2.222025e-02
n=151,2.348260e-02,9.542255e-01,2.229191e-02
n=152,2.356206e-02,9.540746e-01,2.236336e-02
n=153,2.364124e-02,9.539242e-01,2.243460e-02
n=154,2.372014e-02,9.537742e-01,2.250562e-02
n=155,2.379876e-02,9.536248e-01,2.257644e-02
n=156,2.387712e-02,9.534758e-01,2.264704e-02
n=157,2.395520e-02,9.533274e-01,2.271745e-02
n=158,2.403301e-02,9.531793e-01,2.278765e-02
n=159,2.411056e-02,9.530318e-01,2.285765e-02
n=160,2.418785e-02,9.528847e-01,2.292744e-02
n=161,2.426487e-02,9.527381e-01,2.299704e-02
n=162,2.434164e-02,9.525919e-01,2.306645e-02
n=163,2.441816e-02,9.524462e-01,2.313565e-02
n=164,2.449442e-02,9.523009e-01,2.320467e-02
n=165,2.457043e-02,9.521561e-01,2.327349e-02
n=166,2.464619e-02,9.520117e-01,2.334212e-02
n=167,2.472171e-02,9.518677e-01,2.341057e-02
n=168,2.479699e-02,9.517242e-01,2.347883e-02
n=169,2.487203e-02,9.515811e-01,2.354690e-02
n=170,2.494683e-02,9.514384e-01,2.361479e-02
n=171,2.502139e-02,9.512961e-01,2.368249e-02
n=172,2.509572e-02,9.511543e-01,2.375001e-02
n=173,2.516982e-02,9.510128e-01,2.381736e-02
n=174,2.524368e-02,9.508718e-01,2.388453e-02
n=175,2.531732e-02,9.507312e-01,2.395152e-02
n=176,2.539074e-02,9.505909e-01,2.401833e-02
n=177,2.546393e-02,9.504511e-01,2.408497e-02
n=178,2.553690e-02,9.503117e-01,2.415144e-02
n=179,2.560965e-02,9.501726e-01,2.421774e-02
n=180,2.568218e-02,9.500340e-01,2.428387e-02
n=181,2.575450e-02,9.498957e-01,2.434982e-02
n=182,2.582661e-02,9.497578e-01,2.441562e-02
n=183,2.589850e-02,9.496203e-01,2.448124e-02
n=184,2.597018e-02,9.494831e-01,2.454670e-02
n=185,2.604166e-02,9.493463e-01,2.461200e-02
n=186,2.611292e-02,9.492099e-01,2.467713e-02
n=187,2.618399e-02,9.490739e-01,2.474211e-02
n=188,2.625485e-02,9.489382e-01,2.480692e-02
n=189,2.632550e-02,9.488029e-01,2.487158e-02
n=190,2.639596e-02,9.486680e-01,2.493608e-02
n=191,2.646623e-02,9.485334e-01,2.500042e-02
n=192,2.653629e-02,9.483991e-01,2.506460e-02
n=193,2.660616e-02,9.482652e-01,2.512864e-02
n=194,2.667584e-02,9.481316e-01,2.519251e-02
n=195,2.674532e-02,9.479984e-01,2.525624e-02
n=196,2.681462e-02,9.478656e-01,2.531982e-02
n=197,2.688373e-02,9.477330e-01,2.538325e-02
n=198,2.695265e-02,9.476008e-01,2.544652e-02
n=199,2.702138e-02,9.729786e-01,0.000000e+00
