State,"p_{n,n-1}","p_{n,n}","p_{n,n+1}"
n=0,0.000000e+00,0.000000e+00,1.000000e+00
n=1,0.000000e+00,0.000000e+00,1.000000e+00
n=2,0.000000e+00,0.000000e+00,1.000000e+00
n=3,0.000000e+00,0.000000e+00,1.000000e+00
n=4,0.000000e+00,0.000000e+00,1.000000e+00
n=5,0.000000e+00,0.000000e+00,1.000000e+00
n=6,0.000000e+00,0.000000e+00,1.000000e+00
n=7,0.000000e+00,0.000000e+00,1.000000e+00
n=8,0.000000e+00,0.000000e+00,1.000000e+00
n=9,0.000000e+00,0.000000e+00,1.000000e+00
n=10,0.000000e+00,0.000000e+00,1.000000e+00
n=11,0.000000e+00,0.000000e+00,1.000000e+00
n=12,0.000000e+00,0.000000e+00,1.000000e+00
n=13,0.000000e+00,0.000000e+00,1.000000e+00
n=14,0.000000e+00,0.000000e+00,1.000000e+00
n=15,0.000000e+00,0.000000e+00,1.000000e+00
n=16,0.000000e+00,0.000000e+00,1.000000e+00
n=17,0.000000e+00,0.000000e+00,1.000000e+00
n=18,0.000000e+00,0.000000e+00,1.000000e+00
n=19,0.000000e+00,0.000000e+00,1.000000e+00
n=20,0.000000e+00,0.000000e+00,1.000000e+00
n=21,0.000000e+00,0.000000e+00,1.000000e+00
n=22,0.000000e+00,0.000000e+00,1.000000e+00
n=23,0.000000e+00,0.000000e+00,1.000000e+00
n=24,0.000000e+00,0.000000e+00,1.000000e+00
n=25,0.000000e+00,0.000000e+00,1.000000e+00
n=26,0.000000e+00,0.000000e+00,1.000000e+00
n=27,0.000000e+00,0.000000e+00,1.000000e+00
n=28,0.000000e+00,0.000000e+00,1.000000e+00
n=29,0.000000e+00,0.000000e+00,1.000000e+00
n=30,3.422910e-03,9.895837e-01,6.993421e-03
n=31,3.625472e-03,9.892936e-01,7.080917e-03
n=32,3.828175e-03,9.889997e-01,7.172103e-03
n=33,4.030906e-03,9.887024e-01,7.266655e-03
n=34,4.233571e-03,9.884021e-01,7.364287e-03
n=35,4.436092e-03,9.880992e-01,7.464745e-03
n=36,4.638406e-03,9.877938e-01,7.567803e-03
n=37,4.840460e-03,9.874863e-01,7.673261e-03
n=38,5.042213e-03,9.871769e-01,7.780937e-03
n=39,5.243631e-03,9.868657e-01,7.890670e-03
n=40,5.444685e-03,9.865530e-01,8.002316e-03
n=41,5.645356e-03,9.862389e-01,8.115743e-03
n=42,5.845625e-03,9.859235e-01,8.230832e-03
n=43,6.045481e-03,9.856070e-01,8.347476e-03
n=44,6.244914e-03,9.852895e-01,8.465578e-03
n=45,6.443917e-03,9.849710e-01,8.585047e-03
n=46,6.642487e-03,9.846517e-01,8.705803e-03
n=47,6.840621e-03,9.843316e-01,8.827770e-03
n=48,7.038319e-03,9.840108e-01,8.950881e-03
n=49,7.235583e-03,9.836893e-01,9.075073e-03
n=50,7.432414e-03,9.833673e-01,9.200288e-03
n=51,7.628815e-03,9.830447e-01,9.326472e-03
n=52,7.824791e-03,9.827216e-01,9.453576e-03
n=53,8.020347e-03,9.823981e-01,9.581554e-03
n=54,8.215487e-03,9.820741e-01,9.710364e-03
n=55,8.410217e-03,9.817498e-01,9.839966e-03
n=56,8.604543e-03,9.814251e-01,9.970324e-03
n=57,8.798472e-03,9.811001e-01,1.010140e-02
n=58,8.992009e-03,9.807748e-01,1.023317e-02
n=59,9.185162e-03,9.804492e-01,1.036560e-02
n=60,9.377936e-03,9.801234e-01,1.049866e-02
n=61,9.570340e-03,9.797973e-01,1.063232e-02
n=62,9.762379e-03,9.794711e-01,1.076657e-02
n=63,9.954060e-03,9.791446e-01,1.090137e-02
n=64,1.014539e-02,9.788179e-01,1.103671e-02
n=65,1.033638e-02,9.784911e-01,1.117256e-02
n=66,1.052702e-02,9.781641e-01,1.130891e-02
n=67,1.071734e-02,9.778369e-01,1.144574e-02
n=68,1.090733e-02,9.775096e-01,1.158303e-02
n=69,1.109701e-02,9.771822e-01,1.172076e-02
n=70,1.128637e-02,9.768547e-01,1.185893e-02
n=71,1.147543e-02,9.765271e-01,1.199750e-02
n=72,1.166418e-02,9.761993e-01,1.213648e-02
n=73,1.185265e-02,9.758715e-01,1.227584e-02
n=74,1.204082e-02,9.755436e-01,1.241558e-02
n=75,1.222872e-02,9.752156e-01,1.255568e-02
n=76,1.241633e-02,9.748875e-01,1.269614e-02
n=77,1.260368e-02,9.745594e-01,1.283693e-02
n=78,1.279076e-02,9.742312e-01,1.297805e-02
n=79,1.297758e-02,9.739029e-01,1.311950e-02
n=80,1.316414e-02,9.735746e-01,1.326125e-02
n=81,1.335045e-02,9.732462e-01,1.340331e-02
n=82,1.353652e-02,9.729178e-01,1.354566e-02
n=83,1.372235e-02,9.725894e-01,1.368830e-02
n=84,1.390794e-02,9.722608e-01,1.383121e-02
n=85,1.409330e-02,9.719323e-01,1.397440e-02
n=86,1.427843e-02,9.716037e-01,1.411784e-02
n=87,1.446334e-02,9.712751e-01,1.426155e-02
n=88,1.464803e-02,9.709465e-01,1.440550e-02
n=89,1.483251e-02,9.706178e-01,1.454969e-02
n=90,1.501677e-02,9.702891e-01,1.469413e-02
n=91,1.520083e-02,9.699604e-01,1.483879e-02
n=92,1.538469e-02,9.696316e-01,1.498368e-02
n=93,1.556835e-02,9.693029e-01,1.512878e-02
n=94,1.575181e-02,9.689741e-01,1.527411e-02
n=95,1.593508e-02,9.686453e-01,1.541964e-02
n=96,1.611816e-02,9.683165e-01,1.556537e-02
n=97,1.630106e-02,9.679876e-01,1.571131e-02
n=98,1.648377e-02,9.676588e-01,1.585744e-02
n=99,1.666631e-02,9.673299e-01,1.600376e-02
n=100,1.684867e-02,9.670011e-01,1.615027e-02
n=101,1.703086e-02,9.666722e-01,1.629696e-02
n=102,1.721288e-02,9.663433e-01,1.644383e-02
n=103,1.739474e-02,9.660144e-01,1.659088e-02
n=104,1.757643e-02,9.656855e-01,1.673810e-02
n=105,1.775796e-02,9.653566e-01,1.688548e-02
n=106,1.793933e-02,9.650276e-01,1.703303e-02
n=107,1.812055e-02,9.646987e-01,1.718074e-02
n=108,1.830161e-02,9.643698e-01,1.732860e-02
n=109,1.848253e-02,9.640409e-01,1.747662e-02
n=110,1.866329e-02,9.637119e-01,1.762480e-02
n=111,1.884391e-02,9.633830e-01,1.777312e-02
n=112,1.902439e-02,9.630540e-01,1.792158e-02
n=113,1.920473e-02,9.627251e-01,1.807019e-02
n=114,1.938493e-02,9.623961e-01,1.821894e-02
n=115,1.956500e-02,9.620672e-01,1.836782e-02
n=116,1.974493e-02,9.617382e-01,1.851685e-02
n=117,1.992472e-02,9.614093e-01,1.866600e-02
n=118,2.010439e-02,9.610803e-01,1.881528e-02
n=119,2.028394e-02,9.607514e-01,1.896469e-02
n=120,2.046335e-02,9.604224e-01,1.911423e-02
n=121,2.064264e-02,9.600935e-01,1.926389e-02
n=122,2.082181e-02,9.597645e-01,1.941367e-02
n=123,2.100086e-02,9.594356e-01,1.956357e-02
n=124,2.117980e-02,9.591066e-01,1.971359e-02
n=125,2.135861e-02,9.587777e-01,1.986372e-02
n=126,2.153731e-02,9.584487e-01,2.001396e-02
n=127,2.171590e-02,9.581198e-01,2.016432e-02
n=128,2.189438e-02,9.577908e-01,2.031478e-02
n=129,2.207275e-02,9.574619e-01,2.046535e-02
n=130,2.225101e-02,9.571330e-01,2.061603e-02
n=131,2.242916e-02,9.568040e-01,2.076681e-02
n=132,2.260721e-02,9.564751e-01,2.091770e-02
n=133,2.278515e-02,9.561462e-01,2.106868e-02
n=134,2.296299e-02,9.558172e-01,2.121977e-02
n=135,2.314074e-02,9.554883e-01,2.137095e-02
n=136,2.331838e-02,9.551594e-01,2.152223e-02
n=137,2.349592e-02,9.548305e-01,2.167360e-02
n=138,2.367337e-02,9.545016e-01,2.182507e-02
n=139,2.385073e-02,9.541727e-01,2.197662e-02
n=140,2.402799e-02,9.538437e-01,2.212827e-02
n=141,2.420515e-02,9.535148e-01,2.228001e-02
n=142,2.438223e-02,9.531859e-01,2.243183e-02
n=143,2.455922e-02,9.528570e-01,2.258375e-02
n=144,2.473611e-02,9.525281e-01,2.273574e-02
n=145,2.491292e-02,9.521993e-01,2.288782e-02
n=146,2.508965e-02,9.518704e-01,2.303999e-02
n=147,2.526628e-02,9.515415e-01,2.319223e-02
n=148,2.544284e-02,9.512126e-01,2.334456e-02
n=149,2.561931e-02,9.508837e-01,2.349696e-02
n=150,2.579570e-02,9.505549e-01,2.364945e-02
n=151,2.597201e-02,9.502260e-01,2.380201e-02
n=152,2.614823e-02,9.498971e-01,2.395465e-02
n=153,2.632438e-02,9.495683e-01,2.410736e-02
n=154,2.650045e-02,9.492394e-01,2.426015e-02
n=155,2.667645e-02,9.489105e-01,2.441301e-02
n=156,2.685236e-02,9.485817e-01,2.456594e-02
n=157,2.702821e-02,9.482528e-01,2.471894e-02
n=158,2.720397e-02,9.479240e-01,2.487202e-02
n=159,2.737967e-02,9.475952e-01,2.502516e-02
n=160,2.755529e-02,9.472663e-01,2.517837e-02
n=161,2.773084e-02,9.469375e-01,2.533165e-02
n=162,2.790632e-02,9.466087e-01,2.548500e-02
n=163,2.808174e-02,9.462799e-01,2.563841e-02
n=164,2.825708e-02,9.459510e-01,2.579189e-02
n=165,2.843235e-02,9.456222e-01,2.594543e-02
n=166,2.860756e-02,9.452934e-01,2.609904e-02
n=167,2.878270e-02,9.449646e-01,2.625271e-02
n=168,2.895777e-02,9.446358e-01,2.640644e-02
n=169,2.913278e-02,9.443070e-01,2.656023e-02
n=170,2.930773e-02,9.439782e-01,2.671408e-02
n=171,2.948261e-02,9.436494e-01,2.686800e-02
n=172,2.965743e-02,9.433206e-01,2.702197e-02
n=173,2.983218e-02,9.429918e-01,2.717600e-02
n=174,3.000688e-02,9.426630e-01,2.733009e-02
n=175,3.018151e-02,9.423343e-01,2.748423e-02
n=176,3.035609e-02,9.420055e-01,2.763843e-02
n=177,3.053060e-02,9.416767e-01,2.779269e-02
n=178,3.070506e-02,9.413479e-01,2.794700e-02
n=179,3.087946e-02,9.410192e-01,2.810137e-02
n=180,3.105380e-02,9.406904e-01,2.825579e-02
n=181,3.122809e-02,9.403617e-01,2.841026e-02
n=182,3.140231e-02,9.400329e-01,2.856479e-02
n=183,3.157649e-02,9.397041e-01,2.871937e-02
n=184,3.175060e-02,9.393754e-01,2.887400e-02
n=185,3.192467e-02,9.390467e-01,2.902868e-02
n=186,3.209868e-02,9.387179e-01,2.918341e-02
n=187,3.227263e-02,9.383892e-01,2.933819e-02
n=188,3.244654e-02,9.380604e-01,2.949302e-02
n=189,3.262039e-02,9.377317e-01,2.964790e-02
n=190,3.279419e-02,9.374030e-01,2.980283e-02
n=191,3.296794e-02,9.370743e-01,2.995781e-02
n=192,3.314164e-02,9.367455e-01,3.011283e-02
n=193,3.331529e-02,9.364168e-01,3.026790e-02
n=194,3.348889e-02,9.360881e-01,3.042302e-02
n=195,3.366244e-02,9.357594e-01,3.057818e-02
n=196,3.383594e-02,9.354307e-01,3.073339e-02
n=197,3.400939e-02,9.351020e-01,3.088864e-02
n=198,3.418280e-02,9.347733e-01,3.104394e-02
n=199,3.435616e-02,9.656438e-01,0.000000e+00
